2.41833 560.599 75 5856.81 2385.2 65.8666 779.712 95.9731 
3.24487 604.083 71.9401 4331.34 1219.88 88.0466 824.061 102.044 
2.65077 622.876 72.4757 3955.82 999.312 86.1746 812.993 83.3784 
2.83333 602.671 67.1272 5921.47 2380.7 75.8753 821.946 101.791 
3.33397 547.122 69.1902 12009.9 286.747 50.2349 884.711 111.413 
3.14205 513.033 63.8591 5592.96 2499.72 53.1408 826.019 156.176 
3.20103 522.222 63.522 5760.92 2496.79 61.2301 810.39 138.727 
2.11667 521.531 56.9514 5641.31 2461.29 28.7754 881.252 162.004 
2.18218 530.083 62.735 5180.59 2327.67 85.0649 721.58 61.8083 
3.68897 562.856 61.9922 5752.05 2470.39 69.4397 904.633 135.203 
3.91192 610.287 67.6296 5720.68 2408.53 107.108 840.341 104.067 
4.21423 569.132 64.9115 6097.59 2433.92 125.58 794.582 95.2702 
4.88679 525.827 63.089 5189.9 2190.87 127.525 771.814 111.132 
3.75115 554.17 64.0093 5690.21 2441.9 109.245 771.423 97.8699 
3.09603 567.495 68.6401 5227.94 2500 68.1933 767.691 139.802 
0.0242308 557.544 55 1739.33 2329.94 6.91216 13.9541 320.81 
3.47423 635.897 75 5763.84 2425.6 84.7267 884.909 114.709 
3.85897 631.732 72.1402 3984.38 983.99 147.18 804.932 80.0377 
5.21782 580.413 59.8453 7431.05 2498.4 103.496 908.657 131.502 
4.7909 545.946 65.7466 6592.81 2476.37 91.0118 844.026 148.104 
6.18449 557.248 58.6947 6624 2406.12 239.094 673.487 93.7232 
4.19808 551.56 64.6039 6058.51 2478.46 106.422 789.774 112.993 
4.16859 523.166 60.9983 6139.15 2432.03 136.68 717.816 88.3494 
3.4859 545.903 65.3294 5780.27 2437.06 101.05 766.366 96.8395 
3.54282 598.895 62.9992 5919.33 2459.77 77.4814 892.257 119.561 
4.33205 613.029 58.6386 6751.9 2420.98 141.599 825.226 83.4677 
5.38397 571.665 62.7315 6316.97 2469.67 102.013 887.236 147.152 
4.38192 600.735 68.4075 4327.92 621.805 161.083 787.895 76.004 
4.56269 489.342 55.6631 5931.04 2326.75 89.8716 782.211 139.473 
4.79731 508.035 60.7074 6928.58 2468.73 114.938 768.245 115.889 
4.11462 550.352 62.2392 6188.63 2457.08 118.735 789.751 93.4745 
3.13474 564.775 61.2298 5996.94 2460.05 69.1594 837.184 115.222 
2.60179 598.208 59.0817 3942.82 1119.4 127.787 756.403 46.656 
4.4341 599.823 55.5667 6636.47 2443.77 133.013 836.946 87.3495 
5.68782 611.976 65.2051 6807.38 2491.71 109.726 917.282 147.084 
6.43205 524.646 59.249 6330.81 2497.18 164.1 775.109 115.14 
5.70808 491.585 63.4795 5822.44 2421.25 226.627 667.995 77.2433 
5.92821 568.836 59.9186 5893.01 2361.34 266.064 730.665 68.5427 
4.8241 513.684 62.1219 7366.03 2456.14 170.566 698.356 82.7168 
3.93308 548.076 62.196 5686.57 2458.08 107.856 779.031 103.587 
1.94564 539.034 57.6029 5714.64 2387.21 44.3327 799.438 101.989 
3.97885 580.51 59.6581 5623.83 2483.12 92.263 861.454 116.457 
4.07385 522.16 62.9823 5491.45 2321.23 211.417 667.416 58.6925 
2.85487 512.579 60.0427 5777.1 2383.2 105.235 710.899 69.6183 
