10.4508 551.186 55 12056.7 2487.94 111.678 764.72 109.629 
13.5967 594.774 55 13462.5 2481.53 148.18 809.336 113.322 
11.7556 613.587 55 9292.33 546.894 145.054 796.165 90.4131 
11.7053 591.085 55 12264.8 2482.67 124.892 805.153 115.346 
13.2064 537.105 58.387 11282.7 2453.15 96.6586 818.816 160.2 
12.4439 500.931 55 10891.1 2323.01 86.5613 814.76 167.026 
13.0228 513.332 55 21419.3 313.553 88.4336 846.024 106.605 
8.84667 512.501 55 11177 2497.91 48.8342 867.096 181.654 
9.83778 518.847 55 7595.98 554.889 133.873 683.31 87.0839 
15.0792 549.376 55 11708.2 2410.2 112.852 871.545 160.253 
16.0542 598.24 55 13902.6 2485.78 182.955 828.184 109.445 
20.5294 559.884 55 11432.3 2499.96 209.186 743.069 126.663 
18.9544 513.383 55 28060.5 230.389 182.121 789.69 90.5978 
15.4447 544.434 75 12465.2 2498.74 184.454 765.583 103.147 
14.4767 555.215 55 9332.81 2492.22 140.924 638.299 205.549 
0.36 545.389 60.5395 2355.32 2500 1.55708e+06 8.09738 128.545 
14.0069 626.879 55 13141 2486.22 136.662 876.259 125.565 
16.1411 623.063 55 10177.3 426.115 239.043 792.445 83.423 
20.7744 571.841 55.0002 15156.6 2317.7 165.323 888.028 151.985 
19.1444 533.11 55 33196.8 281.21 128.39 876.323 111.073 
183.936 550.587 55 27347.6 1126.02 3.3028e+07 -465.449 263.548 
16.5742 539.213 55 12136.7 2462.68 173.525 776.293 122.768 
16.7864 514.257 55 13111.9 2497.91 228.726 708.395 93.7915 
13.8422 537.689 55 12205.2 2498.76 161.651 757.091 105.998 
14.06 590.389 55 12907.3 2499.87 124.822 875.099 133.859 
17.0506 599.929 55.0001 11231.4 1210.91 217.561 807.291 97.566 
20.8692 559.359 55 33366.2 283.858 147.878 923.827 112.121 
17.4833 591.858 55 12228.5 389.184 251.784 778.144 79.0111 
18.4053 477.414 55 31028.4 290.119 129.448 812.903 106.499 
18.6264 498.594 55 28516.6 284.239 165.912 785.543 91.4598 
22.5939 538.692 55 11165.3 2470.59 223.947 623.949 183.739 
12.8775 553.123 55 12345.5 2495.6 110.434 808.201 138.15 
10.8578 589.74 55 9080.65 421.153 195.878 729.678 63.5144 
17.5867 591.057 55 15078.8 2497.92 202.803 810.816 109.579 
21.1383 602.495 55 32146 288.492 149.991 950.765 114.998 
25.2525 511.915 55 37306 232.49 242.573 793.231 91.7706 
22.0822 481.827 55 9344.87 477.909 362.378 657.45 78.9229 
22.6967 556.846 55 9316.71 477.646 421.514 719.381 70.5972 
18.4572 504.89 55 13995.7 2499.71 273.504 688.569 87.5706 
15.2842 539.202 55 12665.3 2496.52 173.288 765.529 111.257 
8.63333 523.96 60.8498 14606.8 337.648 59.9668 797.389 99.5989 
15.9428 568.082 55 12208.7 2487.88 142.014 833.122 138.045 
15.9361 510.496 55 9301.65 434.889 318.229 658.935 62.4618 
11.5092 500.581 55 11412 2499.15 163.566 687.524 86.9498 
