5.49463 552.248 75 9139.39 2474.84 91.5083 766.823 104.862 
7.11722 594.725 55 9295.71 2472.34 120.388 807.642 111.582 
5.78259 613.608 55.0024 9427.94 2293.85 112.925 794.993 94.1708 
5.87148 591.808 55 8576.5 2466.57 97.3616 806.316 110.899 
6.72759 537.558 55 9148.02 2476.75 76.7332 821.842 156.663 
6.36093 501.32 55 8344.68 2396.39 67.3299 811.194 166.105 
6.6513 513.445 55 8513.04 2442.99 81.7193 800.633 142.917 
4.37963 512.946 55 10276.7 421.999 31.3468 915.622 134.428 
4.93852 519.45 55 4950.66 807.963 107.049 681.645 86.3858 
7.58389 549.565 55 7851.78 2409.97 87.4733 873.136 157.095 
8.02759 598.505 75 9195.99 2491.95 140.622 829.56 106.331 
8.53944 559.913 55 9055.64 2497.49 160.357 780.131 101.313 
10.0707 514.081 55 21789.5 222.887 150.119 785.067 89.5387 
7.79259 544.917 55 8717.88 2488.09 142.121 758.701 104.679 
6.9037 555.138 55 6922.96 2499.92 96.1507 710.291 171.351 
0.177778 545.545 57.3698 1776.39 1991.89 1.32253e+06 -113.655 151.93 
7.21481 626.199 55 9190.51 2478.2 111.254 871.636 121.011 
8.0763 622.975 55 5998.05 516.532 185.672 790.702 84.4535 
10.415 572.021 55 24236.7 284.389 116.634 928.207 105.934 
9.65037 533.323 55 21542.7 291.343 104.38 871.695 114.101 
17.7885 549.724 55 9855.81 2478.64 503.549 559.843 134.016 
8.43778 539.639 55 8825.22 2492.56 136.706 775.443 119.539 
8.485 514.632 55 9705.46 2494.43 178.267 706.624 91.6649 
7.2687 537.735 55 8824.98 2492.42 130.374 753.859 105.19 
7.23815 591.415 55 9050.17 2499.9 100.919 870.73 129.429 
8.69315 600.079 55 8112.66 458.632 167.773 807.398 90.9409 
10.5587 559.675 55 24489.8 278.973 115.907 919.572 110.625 
8.81889 592.063 55 7798.48 438.138 196.359 775.084 80.0338 
8.9887 477.911 55 21747.6 285.528 99.2531 811.759 104.699 
9.38796 499.095 55 20272.2 265.225 130.828 785.18 90.7855 
8.31463 538.391 55 9848.72 2499.46 144.462 767.989 108.178 
6.39519 553.372 55 8811.66 2498.61 84.9386 808.044 134.154 
5.53296 589.302 55.003 7955.39 1893.8 159.772 724.483 68.0928 
8.78278 590.8 55 10126.3 2493.06 157.896 807.907 106.19 
10.9111 602.617 55 9661.52 2378.12 135.935 903.217 152.269 
12.3209 512.587 55 25865.8 220.221 184.436 792.935 91.4129 
11.9491 483.008 55 8617.42 2495.92 304.317 655.653 80.975 
12.0915 557.397 55 6180.95 579.756 344.277 718.861 70.7102 
9.91685 505.152 55 11331 2498.25 222.977 686.232 86.3984 
8.16722 539.261 55 8928.79 2500 140.284 764.759 111.207 
4.27889 526.202 55.0267 10311.7 328.884 50.3825 797.131 92.1332 
7.83463 568.388 55 8983.56 2493.79 111.384 840.098 129.876 
8.38315 511.058 55 6002.04 486.85 262.727 655.877 61.7873 
5.96889 500.936 55 6010.22 665.301 129.371 688.862 80.9633 
