551.186  8.86786  
594.774  8.79081  
613.587  8.80833  
591.085  9.42307  
537.105  8.63154  
500.931  8.91911  
513.332  8.51918  
512.501  8.27159  
518.847  9.80331  
549.376  9.05065  
598.24  9.16555  
559.884  8.9968  
513.383  8.99266  
544.434  8.60481  
555.215  9.05049  
545.389  8.76131  
626.879  8.71844  
623.063  8.87453  
571.841  8.8834  
533.11  9.18836  
550.587  10.025  
539.213  9.07143  
514.257  8.58221  
537.689  8.45282  
590.389  10.6758  
599.929  9.08782  
559.359  9.1624  
591.858  8.56628  
477.414  9.04708  
498.594  8.60127  
538.692  9.19191  
553.123  8.77728  
589.74  8.83769  
591.057  8.64092  
602.495  8.69468  
511.915  9.1728  
481.827  8.70008  
556.846  9.08116  
504.89  8.55637  
539.202  8.53944  
523.96  11.9084  
568.082  9.50637  
510.496  8.9661  
500.581  8.89743  
