2.27451 560.137 57.1472 4113.88 2500 44.2244 793.662 82.1108 
3.46471 603.928 57.0957 4270.86 2500 68.2739 837.596 87.6287 
3.03255 622.803 60.5228 4071.15 2269.98 73.3725 828.95 68.4327 
3.19176 603.027 66.083 3891.94 2320.29 59.2351 823.654 99.9741 
3.76706 547.179 67.7856 4157.2 2420.92 46.5074 837.035 146.161 
3.53588 513.474 64.387 3980.22 2500 40.4803 826.847 155.285 
3.56118 522.269 61.9863 4063.83 2442.81 46.4367 811.779 136.349 
2.2351 521.567 55 4070.84 2386.94 20.5651 870.925 167.886 
2.16451 530.183 64.6413 4009.7 2500 57.2022 714.347 64.9408 
3.88118 563.24 60.5213 3864.28 2410.59 49.3049 898.274 136.485 
4.3698 610.665 61.5522 4323.26 2500 86.3135 854.445 89.2164 
4.70176 569.262 67.6809 4228.29 2500 96.4768 791.911 93.5016 
5.20745 526.363 62.7328 3708.11 2406.51 91.1607 772.652 109.958 
4.16157 554.12 64.6321 3969.73 2346.81 81.7896 771.811 97.707 
3.31804 567.605 68.578 3371.34 2333.06 49.6139 771.478 135.151 
0.0198039 558.041 74.8003 675.346 1193.89 0.940054 594.752 129.899 
3.53941 635.947 57.6159 4305.61 2500 61.2587 903.344 98.6347 
4.19863 631.933 55.3842 4513.51 2263.96 114.029 821.902 62.8897 
5.78294 580.772 60.9672 4960.97 2500 77.8124 911.258 130.191 
5.46176 546.094 64.8458 4607.79 2500 70.9145 841.185 144.146 
7.39059 557.186 58.7229 4550.28 2337.66 188.267 668.824 93.7734 
4.66549 551.77 65.2467 4123.47 2500 80.2656 788.122 112.135 
4.70118 523.006 60.8084 4401.74 2353.62 105.671 713.983 86.7573 
3.64196 546.263 65.3873 4120.31 2330.66 70.4345 767.729 96.7563 
3.45176 599.222 62.0455 3965.84 2343.15 51.3725 895.477 114.228 
4.66176 613.165 66.6307 4262.31 2338.77 99.1095 817.588 90.7576 
6.02098 572.167 64.2207 4446.4 2492.97 75.979 887.864 146.372 
4.92255 600.994 61.268 4630.25 2313.89 125.145 799.024 70.4493 
5.15 489.438 56.4061 4461.29 2499.08 67.8092 779.965 139.324 
5.40706 507.701 60.072 5012.04 2480.85 87.9385 769.647 113.04 
4.59667 550.963 59.8174 4386.86 2360.8 91.056 793.951 89.5462 
3.46608 565.201 67.3293 4195.5 2381.9 50.774 823.92 123.033 
2.84451 598.55 62.8088 4143.89 2220.86 99.2972 748.419 49.356 
4.81725 600.174 62.0771 4567.24 2366.14 97.2611 835.921 87.923 
6.3102 612.168 65.552 4787.91 2480.08 79.8772 910.726 149.256 
7.0298 524.641 60.1045 4268.75 2476.37 119.19 775.351 114.454 
5.61196 491.556 64.4255 3943.23 2309.9 150.799 667.429 75.2281 
6.06275 568.891 60.0141 3954.82 2311.71 182.273 728.987 68.326 
4.88353 513.672 62.1551 4109.67 2330.15 121.693 699.515 78.536 
3.93 548.192 63.0265 3962.03 2357.39 72.7168 777.823 102.486 
1.73706 546.378 60.2255 3909.34 2285.76 26.6581 792.252 100.486 
4.10314 580.772 67.0938 3897.65 2407.3 62.3731 853.458 122.058 
4.21294 522.649 62.5535 3873.23 2235.63 147.999 669.271 57.0241 
2.85549 512.956 68.146 4036.49 2500 70.9734 699.22 75.6956 
