1000  1000  
1000  1000  
1000  1000  
1000  1000  
1000  1000  
1000  1000  
1000  1000  
1000  1000  
1000  1000  
1000  1000  
1000  1000  
1000  1000  
1000  1000  
1000  1000  
1000  1000  
1000  1000  
1000  1000  
1000  1000  
1000  1000  
1000  1000  
1000  1000  
1000  1000  
1000  1000  
1000  1000  
1000  1000  
1000  1000  
1000  1000  
1000  1000  
1000  1000  
1000  1000  
1000  1000  
1000  1000  
1000  1000  
1000  1000  
1000  1000  
1000  1000  
1000  1000  
1000  1000  
1000  1000  
1000  1000  
1000  1000  
1000  1000  
1000  1000  
1000  1000  
1000  1000  
1000  1000  
1000  1000  
1000  1000  
1000  1000  
1000  1000  
1000  1000  
1000  1000  
1000  1000  
1000  1000  
1000  1000  
1000  1000  
1000  1000  
1000  1000  
1000  1000  
1000  1000  
1000  1000  
1000  1000  
1000  1000  
1000  1000  
1000  1000  
1000  1000  
1000  1000  
1000  1000  
1000  1000  
1000  1000  
1000  1000  
1000  1000  
560.137  3.40309  
635.947  3.24207  
598.55  3.19441  
603.928  3.32131  
631.933  3.31823  
600.174  3.10816  
622.803  3.36911  
580.772  3.43612  
612.168  3.2313  
569.262  3.21173  
600.994  3.11902  
547.179  3.23245  
557.186  3.31669  
491.556  3.23743  
554.12  3.1255  
507.701  3.14667  
522.269  3.15562  
523.006  3.13088  
513.672  3.11287  
521.567  3.14211  
546.263  3.24907  
548.192  3.20653  
1000  1000  
1000  1000  
1000  1000  
1000  1000  
1000  1000  
1000  1000  
1000  1000  
1000  1000  
1000  1000  
1000  1000  
1000  1000  
1000  1000  
1000  1000  
1000  1000  
1000  1000  
1000  1000  
1000  1000  
1000  1000  
1000  1000  
1000  1000  
1000  1000  
1000  1000  
1000  1000  
1000  1000  
1000  1000  
1000  1000  
530.183  3.74381  
599.222  4.93744  
580.772  3.04835  
563.24  2.9207  
613.165  2.89309  
546.378  3.04717  
610.665  3.04872  
572.167  2.98845  
603.027  3.43284  
546.094  3.04563  
524.641  2.90297  
526.363  2.89345  
489.438  2.85091  
513.474  2.98099  
551.77  2.93371  
568.891  2.87052  
567.605  2.91116  
550.963  2.8904  
512.956  2.94987  
558.041  2.92636  
565.201  2.94299  
522.649  2.9277  
1000  1000  
1000  1000  
