2.3481 560.584 55.7896 4532.65 2500 40.5971 790.749 84.2133 
3.3673 603.675 62.0385 4273.35 2317.79 59.8173 839.558 85.9618 
2.77447 622.522 58.21 4420.82 2278.69 59.2464 821.331 73.1419 
2.90738 602.624 60.1298 4314.69 2298.17 50.1492 834.081 88.699 
3.45591 547.192 68.4638 4550.37 2500 37.4343 836.021 147.472 
3.29051 513.333 65.2309 4419.6 2500 33.5079 823.414 155.463 
3.31772 522.096 58.6294 4349.07 2500 39.8935 815.414 129.478 
2.13755 521.409 56.0941 4060.65 533.393 16.2925 908.374 128.032 
2.21477 530.093 60.6027 4513.45 2500 52.0745 716.059 64.0017 
3.77152 562.818 55 4284.31 2500 43.254 892.776 136.548 
4.10295 610.261 61.8737 4376.57 2356.56 72.7328 847.57 92.9314 
4.37426 568.856 66.9298 4171.19 2354.58 81.3395 792.552 93.3113 
5.05274 526.149 62.8716 4204.32 2429.2 81.493 770.288 107.691 
3.9462 554.081 64.8413 4385.07 2346.68 70.5589 768.394 96.7737 
3.2135 567.24 59.802 4147.89 2350.87 44.4876 806.812 108.469 
0.0246835 557.753 55 1270.99 1768.7 7.20545 69.5106 276.125 
3.5403 635.738 59.9176 4198.86 2336.66 56.2282 897.251 98.5175 
4.05781 631.535 71.5886 3717.87 1798.37 95.3064 803.486 79.1381 
5.41498 580.3 62.6423 5200.52 2500 65.4661 901.734 132.442 
5.04916 545.855 75 4725.69 2498.18 60.7042 843.151 140.094 
6.4943 557.058 58.9244 4679.42 2321.14 153.111 677.239 90.6631 
4.43207 551.255 64.8884 4364.44 2371.43 69.8328 790.25 109.241 
4.33376 523.206 61.2384 4747 2368.31 87.2073 717.154 87.1885 
3.56414 545.712 55 4288.74 2348.68 64.0359 769.221 92.6092 
3.56477 598.795 58.9096 4423.57 2399.55 47.677 886.235 118.547 
4.51013 612.998 67.7293 4621.85 2329.28 88.8666 816.723 88.854 
5.68734 571.729 63.7123 4753.61 2493.33 65.6226 882.435 145.05 
4.65865 600.573 58.552 4293.21 1856.41 112.16 798.736 65.603 
4.88565 489.188 55.9781 4759.01 2500 58.4276 779.587 137.712 
5.08059 507.609 60.3045 5193.03 2474.73 75.0724 766.85 113.077 
4.35549 550.369 59.7766 4662.85 2390.01 77.4472 787.293 92.1135 
3.25759 564.823 57.9377 4557.67 2500 44.5731 833.142 112.961 
2.68755 598.144 62.6603 4534.12 2241.9 82.5391 748.219 50.9697 
4.68734 599.762 61.2818 4951.88 2377.92 87.0319 830.811 87.6072 
6.02257 611.771 65.9515 5006.33 2486.68 71.1675 916.793 143.702 
6.78291 524.563 59.2292 4402.22 2472.55 106.784 775.642 113.125 
5.92932 491.606 62.5991 4384 2500 146.954 667.726 75.0277 
6.23565 568.667 60.0561 4388.74 2281.39 173.254 730.385 67.2442 
4.94114 513.518 61.6066 4641.04 2357.45 109.37 697.337 80.7 
4.01857 547.917 63.2158 4107.14 2398.17 67.2617 776.04 103.103 
1.90549 537.579 55.0037 4254.69 2500 26.142 791.457 102.4 
4.21561 580.438 59.5375 4241.63 2418.2 59.5645 857.271 115.639 
4.34072 522.22 63.0368 4094.59 2241.63 139.799 667.719 57.6826 
2.93966 512.378 67.3944 3923.48 2037.92 65.7937 700.246 75.5695 
