7.11407 551.456 55 10343.3 2479.67 122.751 762.713 106.289 
9.4663 594.083 55 10904.8 2489.45 164.596 803.501 111.657 
7.46796 612.537 55 7988.64 563.513 148.405 794.011 88.2102 
7.57944 591.195 55 10006.3 2485.71 130.096 804.637 110.475 
8.81907 537.079 55 10394.7 2388.27 102.939 821.322 156.662 
8.21926 501.106 55 8485.23 2189.58 91.535 808.909 164.2 
8.73593 513.021 55 10443.8 2390.15 109.981 792.945 143.722 
5.65296 512.245 55 9827.45 2498.41 49.9911 854.459 178.482 
6.32778 518.636 55 8552.8 2464.93 141.993 679.173 89.4993 
9.91926 549.347 55 7412.02 1338.65 118.662 867.898 154.111 
10.653 597.567 55 10777.2 2498.44 190.012 822.884 109.172 
11.108 559.241 55 9856.66 2499.7 215.906 778.121 100.43 
13.2237 513.643 55.1056 19856.2 259.028 203.413 765.893 102.209 
10.2828 544.546 55 10321.7 2499.38 191.25 756.737 104.691 
9.00556 554.88 55 8165.56 2492.62 129.204 713.718 166.694 
0.195741 545.325 55.9656 1788.55 1991.79 1.65333e+06 -118.402 152.501 
9.38315 625.762 55 10108.5 2492.64 149.176 869.541 120.506 
10.66 622.219 55 9809.68 2155.03 257.235 789.182 85.7529 
13.6709 571.008 55 11851.7 2088.04 171.871 879.474 148.375 
12.6657 533.026 55 28401.3 286.046 140.444 866.821 114.218 
23.2815 549.434 55 7784.48 806.314 682.659 561.192 129.896 
11.1889 539.203 55 7864.35 588.414 181.38 775.634 115.453 
11.2043 514.418 55 8459.99 503.423 236.522 707.089 87.72 
9.54667 536.812 55 10726 2499.8 174.495 750.65 106.186 
9.49463 589.446 55 10774.1 2489.38 132.727 865.297 133.019 
11.4846 599.804 55 11242.4 2486.3 235.096 801.288 96.5933 
13.882 559.085 55.0022 8930.51 1349.38 173.424 868.781 151.649 
11.6207 591.263 55.0004 8094.92 684.646 273.479 771.958 82.853 
11.89 477.719 55 28136.1 269.416 137.142 810.243 104.417 
12.4276 498.869 55 26492.4 255.051 179.124 780.032 90.7854 
10.8304 537.911 55 11621.8 2489.86 196.281 765.868 105.503 
8.40519 552.691 55 9976.15 2483.51 114.991 805.443 135.456 
7.2487 588.679 55 7635.93 411.526 211.114 724.543 62.5206 
11.6761 590.194 55 11705.1 2499.37 216.509 805.748 105.489 
14.4954 602.161 55 32778.5 271.555 160.953 945.117 113.907 
16.6083 512.388 55 34958.3 204.466 255.719 791.962 90.61 
15.9654 482.956 55 9810.55 2499.73 415.777 654.673 80.0472 
16.1865 557.009 55 8420.27 415.838 466.44 718.458 69.8076 
13.0543 505.088 55 13350.7 2499.91 301.461 684.765 85.7664 
10.8969 538.784 55 10476.9 2499.43 193.196 763.342 110.002 
5.53907 525.575 56.1491 7098.9 650.234 75.6506 774.022 113.165 
10.4704 567.876 55 10308.8 2484.89 153.063 835.389 130.099 
11.2437 510.829 55 7209.12 484.743 364.905 655.586 60.6552 
7.84981 500.421 55 9634.36 2488.84 179.711 686.221 83.4632 
