6.08889 552.201 55 9496.3 2476.22 102.03 763.11 107.055 
7.94111 594.874 55 10517.5 2476.07 136.557 806.302 110.317 
6.45704 613.705 55.0001 8065.74 1120.12 128.46 794.868 92.2104 
6.50741 591.871 55 9396.02 2466.84 109.775 806.412 109.867 
7.56241 537.873 55 9127.27 2400.73 86.0569 821.233 159.353 
7.05926 501.589 55 17513.4 309.607 65.5037 863.935 117.601 
7.32963 513.617 55 8800.88 2381.84 89.1854 796.8 145.875 
4.94093 512.828 55 8761.68 2498.31 42.4826 859.583 177.643 
5.48556 519.374 55 5572.11 670.417 118.546 680.856 85.8454 
8.53463 549.574 55 8455.29 2400.14 99.7178 871.423 155.599 
9.07481 598.362 55 10645.2 2487.31 159.216 825.748 108.476 
9.53222 559.912 55 10048.1 2496.23 178.487 779.933 102.509 
11.2135 513.871 55 25038.8 214.667 168.943 787.467 87.131 
8.7413 544.913 55 9570.39 2499.79 158.879 757.998 105.738 
7.58056 555.262 55 7510.75 2498.92 106.446 717.237 164.976 
0.18537 545.617 59.2432 1529.66 1986.23 556397 -5.6272 136.087 
7.88778 626.279 55 9537.71 2483.47 120.875 872.886 122.323 
9.07444 623.14 55 7074.78 497.884 210.038 790.537 83.7075 
11.6024 571.969 55 26983.9 287.566 129.431 926.683 107.543 
10.6602 533.488 55 23207.8 287.746 116.698 870.466 115.045 
19.9806 549.961 55 7532.94 793.622 560.522 562.477 131.037 
9.39481 539.5 55 9198.56 2493.19 151.679 774.947 120.469 
9.50481 514.885 55 10269.8 2499.71 198.832 706.716 92.8836 
7.99963 537.528 55 9196.2 2499.38 145.001 754.024 105.126 
8.08148 591.097 55 9311.99 2239.28 112.418 871.352 130.098 
9.79722 600.492 55 8616.8 465.741 190.261 805.546 92.1517 
11.8478 559.559 55.0004 8031.47 911.099 144.226 870.79 152.48 
9.83685 592.047 55 8784.33 451.21 219.838 775.584 79.6017 
10.1361 477.765 55 24342.2 289.293 113.084 809.889 104.891 
10.5254 499.207 55 23810.6 261.387 146.228 784.582 89.3995 
9.2237 538.213 55 10240.4 2492.72 162.985 767.466 107.795 
7.19926 553.319 55 9976.27 2500 97.0384 809.666 132.157 
6.05741 589.362 55 6242.31 520.828 173.356 726.999 63.7387 
9.8337 590.965 55 11581.8 2493.53 178.553 809.064 105.571 
12.1898 602.791 55 28282.1 275.955 132.998 948.777 112.376 
13.8302 512.565 55 30987.9 212.013 208.226 795.624 88.5408 
13.3087 483.059 55 9645.56 2499.28 340.205 655.554 80.7077 
13.4417 557.531 55 6919.37 495.602 383.178 719.592 70.3943 
11.1356 505.338 55 12492.4 2498.58 249.651 685.846 87.3374 
8.99167 539.51 55 9542.99 2498.33 155.466 764.893 110.879 
4.7563 526.106 57.7388 11367.9 334.595 55.7449 797.863 92.7235 
8.875 568.541 55 9516.68 2491.23 125.866 837.046 131.91 
9.44667 511.122 55 6629.66 474.822 299.144 655.012 61.3422 
6.73815 500.832 55 6634.31 637.023 146.773 689.551 81.0209 
