8.40926 551.594 55 12345.8 2498.31 142.887 763.342 108.222 
11.187 594.463 55 12966.7 2489.26 194.986 806.336 111.594 
8.91722 612.901 55 9506.04 532.085 176.872 797.1 87.6549 
9.16241 591.309 55 11819.1 2493.64 157.452 805.214 110.559 
10.745 537.237 55 28349.7 285.292 102.005 874.739 113.224 
9.98574 501.067 55.0017 9660.88 1710.82 110.593 809.77 162.965 
10.3826 513.393 55 26113.6 286.37 110.81 840.968 104.459 
6.88204 512.562 61.1817 14326.2 384.014 47.8635 878.043 134.818 
7.60296 518.802 55 7917.12 521.59 165.781 682.304 84.1442 
12.0006 549.318 56.7841 27444.8 292.838 126.934 914.392 115.387 
12.8433 597.953 55 12923.7 2499.98 228.877 823.571 109.711 
13.4793 559.621 55 12004.3 2499.48 260.591 778.979 101.456 
15.8002 513.856 55.0013 10261.4 1837.82 273.798 758.695 114.439 
12.3374 544.781 55 12344.8 2496.66 228.721 758.018 105.269 
10.8015 554.851 55 9467.66 2487.83 154.824 715.225 165.413 
0.255185 545.458 60.2022 1895.56 1994.13 2.13102e+06 -28.6386 134.673 
11.3152 625.998 55 12867 2496.18 177.703 872.37 121.908 
12.84 622.759 55.0005 11671.4 2101.85 305.836 789.455 86.9208 
16.568 571.522 55.0895 39086.6 287.854 186.348 925.776 107.586 
15.3781 533.201 55.0059 11030.9 1267.28 192.596 827.319 151.239 
29.7835 549.652 55 15034.4 2489.1 861.583 557.425 133.056 
13.4335 539.187 55.0004 11056.3 1377.28 218.828 772.969 120.16 
13.4263 514.463 55 12062.5 445.223 277.553 707.979 86.9733 
11.4344 537.414 55 12041.8 2488.84 210.969 753.376 105.07 
11.4137 589.731 55 13005.4 2480.17 159.872 870.398 132.649 
13.8426 599.977 55 14019.6 2489.61 282.097 802.588 96.6712 
16.8996 559.146 55.0125 11352.5 1472.29 206.838 869.894 154.758 
14.0398 591.569 55 12228.2 418.715 316.637 774.686 80.034 
14.4767 477.547 55 34155.3 273.515 166.615 809.897 105.418 
14.8906 499.107 55 33084.9 258.735 210.198 783.97 90.7846 
13.2452 538.031 55 12655.2 2248.58 240.855 767.77 106.375 
10.2394 552.811 55 12347.8 2458.54 138.651 805.677 136.605 
8.60037 589.025 55 9400.9 398.389 249.1 725.855 62.3355 
13.99 590.566 55 14493.7 2499.2 256.966 806.803 106.318 
17.44 602.457 55 38918.1 274.258 193.857 944.986 114.886 
19.9885 512.378 55 42833.6 211.212 301.554 792.65 91.7144 
18.993 482.941 55 12341.3 2497.61 492.309 654.874 80.3852 
19.1698 557.007 55 9572.78 439.04 551.184 718.73 70.0962 
15.7319 505.093 55 13104.8 486.863 354.987 687.812 81.5516 
12.8083 538.858 55 12096.2 2477.4 227.283 765.022 110.026 
6.5663 525.699 57.957 12031 2498.68 92.5728 769.181 122.104 
12.5311 567.927 55 30114.5 239.869 161.263 875.277 95.7793 
13.3441 510.742 55 8934.87 432.667 426.727 655.573 61.2267 
9.38019 500.334 55 11823.2 2499.55 211.375 685.895 84.9622 
